100|101|2|256|1|3|012f03|1|1516326464346
100|101|2|256|1|3|013303|1|1516326464859
100|101|2|16|1|3|6448752402|1|1516327024617
100|101|2|16|1|3|6444754402|1|1516327025072
100|101|2|16|1|3|62f47b1c02|1|1516327453104
100|101|2|256|1|3|015b03|1|1516327472055
100|101|2|1280|1|3|02f501|1|1516530171359
100|101|2|1280|1|3|02f401|1|1516530172487
100|101|2|1280|1|3|02e801|1|1516530179452
100|101|2|16|1|3|5d686f9802|1|1516323601007
100|101|2|16|1|3|5d6c6fac02|1|1516323601926
100|101|2|16|1|3|5d706fac02|1|1516323603033